b'D' 0 0 879 46 0
b'i' 0 0 879 46 0
b'e' 0 0 879 46 0
b' ' 0 0 879 46 0
b'b' 0 0 879 46 0
b'e' 0 0 879 46 0
b'i' 0 0 879 46 0
b'd' 0 0 879 46 0
b'e' 0 0 879 46 0
b'n' 0 0 879 46 0
b' ' 0 0 879 46 0
b'a' 0 0 879 46 0
b'n' 0 0 879 46 0
b'd' 0 0 879 46 0
b'e' 0 0 879 46 0
b'r' 0 0 879 46 0
b'n' 0 0 879 46 0
b' ' 0 0 879 46 0
b'H' 0 0 879 46 0
b'e' 0 0 879 46 0
b'r' 0 0 879 46 0
b'r' 0 0 879 46 0
b'e' 0 0 879 46 0
b'n' 0 0 879 46 0
b' ' 0 0 879 46 0
b'f' 0 0 879 46 0
b'o' 0 0 879 46 0
b'l' 0 0 879 46 0
b'g' 0 0 879 46 0
b't' 0 0 879 46 0
b'e' 0 0 879 46 0
b'n' 0 0 879 46 0
b' ' 0 0 879 46 0
b'\xc5\xbf' 0 0 879 46 0
b'e' 0 0 879 46 0
b'i' 0 0 879 46 0
b'n' 0 0 879 46 0
b'e' 0 0 879 46 0
b'm' 0 0 879 46 0
b' ' 0 0 879 46 0
b'B' 0 0 879 46 0
b'e' 0 0 879 46 0
b'i' 0 0 879 46 0
b'\xc5\xbf' 0 0 879 46 0
b'p' 0 0 879 46 0
b'i' 0 0 879 46 0
b'e' 0 0 879 46 0
b'l' 0 0 879 46 0
b'e' 0 0 879 46 0
b';' 0 0 879 46 0
	 879 46 880 47 0
b'd' 0 0 949 44 0
b'i' 0 0 949 44 0
b'e' 0 0 949 44 0
b' ' 0 0 949 44 0
b'd' 0 0 949 44 0
b'r' 0 0 949 44 0
b'e' 0 0 949 44 0
b'i' 0 0 949 44 0
b' ' 0 0 949 44 0
b'h' 0 0 949 44 0
b'\xc3\xbc' 0 0 949 44 0
b'b' 0 0 949 44 0
b'\xc5\xbf' 0 0 949 44 0
b'c' 0 0 949 44 0
b'h' 0 0 949 44 0
b'e' 0 0 949 44 0
b'n' 0 0 949 44 0
b' ' 0 0 949 44 0
b'P' 0 0 949 44 0
b'\xc3\xa4' 0 0 949 44 0
b'r' 0 0 949 44 0
b'c' 0 0 949 44 0
b'h' 0 0 949 44 0
b'e' 0 0 949 44 0
b'n' 0 0 949 44 0
b' ' 0 0 949 44 0
b'e' 0 0 949 44 0
b'i' 0 0 949 44 0
b'l' 0 0 949 44 0
b't' 0 0 949 44 0
b'e' 0 0 949 44 0
b'n' 0 0 949 44 0
b' ' 0 0 949 44 0
b'l' 0 0 949 44 0
b'a' 0 0 949 44 0
b'c' 0 0 949 44 0
b'h' 0 0 949 44 0
b'e' 0 0 949 44 0
b'n' 0 0 949 44 0
b'd' 0 0 949 44 0
b' ' 0 0 949 44 0
b'u' 0 0 949 44 0
b'n' 0 0 949 44 0
b'd' 0 0 949 44 0
b' ' 0 0 949 44 0
b'\xc5\xbf' 0 0 949 44 0
b'c' 0 0 949 44 0
b'h' 0 0 949 44 0
b'e' 0 0 949 44 0
b'r' 0 0 949 44 0
b'z' 0 0 949 44 0
b'e' 0 0 949 44 0
b'n' 0 0 949 44 0
b'd' 0 0 949 44 0
	 949 44 950 45 0
b'd' 0 0 107 25 0
b'a' 0 0 107 25 0
b'v' 0 0 107 25 0
b'o' 0 0 107 25 0
b'n' 0 0 107 25 0
b'.' 0 0 107 25 0
	 107 25 108 26 0
b'\xe2\x80\x9e' 0 0 886 47 0
b'E' 0 0 886 47 0
b'i' 0 0 886 47 0
b'n' 0 0 886 47 0
b'e' 0 0 886 47 0
b' ' 0 0 886 47 0
b'E' 0 0 886 47 0
b'n' 0 0 886 47 0
b't' 0 0 886 47 0
b'f' 0 0 886 47 0
b'\xc3\xbc' 0 0 886 47 0
b'h' 0 0 886 47 0
b'r' 0 0 886 47 0
b'u' 0 0 886 47 0
b'n' 0 0 886 47 0
b'g' 0 0 886 47 0
b' ' 0 0 886 47 0
b'i' 0 0 886 47 0
b'n' 0 0 886 47 0
b' ' 0 0 886 47 0
b'o' 0 0 886 47 0
b'p' 0 0 886 47 0
b't' 0 0 886 47 0
b'i' 0 0 886 47 0
b'm' 0 0 886 47 0
b'a' 0 0 886 47 0
b' ' 0 0 886 47 0
b'f' 0 0 886 47 0
b'o' 0 0 886 47 0
b'r' 0 0 886 47 0
b'm' 0 0 886 47 0
b'a' 0 0 886 47 0
b',' 0 0 886 47 0
b'\xe2\x80\x9c' 0 0 886 47 0
b' ' 0 0 886 47 0
b'g' 0 0 886 47 0
b'r' 0 0 886 47 0
b'i' 0 0 886 47 0
b'n' 0 0 886 47 0
b'\xc5\xbf' 0 0 886 47 0
b't' 0 0 886 47 0
b'e' 0 0 886 47 0
	 886 47 887 48 0
b'O' 0 0 189 41 0
b'l' 0 0 189 41 0
b'd' 0 0 189 41 0
b'e' 0 0 189 41 0
b'n' 0 0 189 41 0
b'b' 0 0 189 41 0
b'u' 0 0 189 41 0
b'r' 0 0 189 41 0
b'g' 0 0 189 41 0
b'.' 0 0 189 41 0
	 189 41 190 42 0
b'\xe2\x80\x9e' 0 0 878 50 0
b'W' 0 0 878 50 0
b'i' 0 0 878 50 0
b'r' 0 0 878 50 0
b' ' 0 0 878 50 0
b'g' 0 0 878 50 0
b'e' 0 0 878 50 0
b'h' 0 0 878 50 0
b'e' 0 0 878 50 0
b'n' 0 0 878 50 0
b' ' 0 0 878 50 0
b'a' 0 0 878 50 0
b'u' 0 0 878 50 0
b'c' 0 0 878 50 0
b'h' 0 0 878 50 0
b' ' 0 0 878 50 0
b'w' 0 0 878 50 0
b'o' 0 0 878 50 0
b'h' 0 0 878 50 0
b'l' 0 0 878 50 0
b',' 0 0 878 50 0
b' ' 0 0 878 50 0
b'J' 0 0 878 50 0
b'h' 0 0 878 50 0
b'r' 0 0 878 50 0
b' ' 0 0 878 50 0
b'H' 0 0 878 50 0
b'e' 0 0 878 50 0
b'r' 0 0 878 50 0
b'r' 0 0 878 50 0
b'e' 0 0 878 50 0
b'n' 0 0 878 50 0
b',' 0 0 878 50 0
b'\xe2\x80\x9c' 0 0 878 50 0
b' ' 0 0 878 50 0
b'r' 0 0 878 50 0
b'i' 0 0 878 50 0
b'e' 0 0 878 50 0
b'f' 0 0 878 50 0
b' ' 0 0 878 50 0
b'B' 0 0 878 50 0
b'a' 0 0 878 50 0
b'r' 0 0 878 50 0
b'\xe2\x80\x94' 0 0 878 50 0
	 878 50 879 51 0
b'n' 0 0 950 50 0
b'e' 0 0 950 50 0
b'w' 0 0 950 50 0
b'i' 0 0 950 50 0
b't' 0 0 950 50 0
b'z' 0 0 950 50 0
b';' 0 0 950 50 0
b' ' 0 0 950 50 0
b'\xe2\x80\x9e' 0 0 950 50 0
b'd' 0 0 950 50 0
b'e' 0 0 950 50 0
b'n' 0 0 950 50 0
b'n' 0 0 950 50 0
b' ' 0 0 950 50 0
b'i' 0 0 950 50 0
b'c' 0 0 950 50 0
b'h' 0 0 950 50 0
b' ' 0 0 950 50 0
b'f' 0 0 950 50 0
b'\xc3\xbc' 0 0 950 50 0
b'r' 0 0 950 50 0
b'c' 0 0 950 50 0
b'h' 0 0 950 50 0
b't' 0 0 950 50 0
b'e' 0 0 950 50 0
b',' 0 0 950 50 0
b' ' 0 0 950 50 0
b'w' 0 0 950 50 0
b'e' 0 0 950 50 0
b'n' 0 0 950 50 0
b'n' 0 0 950 50 0
b' ' 0 0 950 50 0
b'w' 0 0 950 50 0
b'i' 0 0 950 50 0
b'r' 0 0 950 50 0
b' ' 0 0 950 50 0
b'w' 0 0 950 50 0
b'a' 0 0 950 50 0
b'r' 0 0 950 50 0
b't' 0 0 950 50 0
b'e' 0 0 950 50 0
b'n' 0 0 950 50 0
b' ' 0 0 950 50 0
b'w' 0 0 950 50 0
b'o' 0 0 950 50 0
b'l' 0 0 950 50 0
b'l' 0 0 950 50 0
b'e' 0 0 950 50 0
b'n' 0 0 950 50 0
b',' 0 0 950 50 0
	 950 50 951 51 0
b'b' 0 0 950 46 0
b'i' 0 0 950 46 0
b's' 0 0 950 46 0
b' ' 0 0 950 46 0
b'w' 0 0 950 46 0
b'i' 0 0 950 46 0
b'r' 0 0 950 46 0
b' ' 0 0 950 46 0
b'v' 0 0 950 46 0
b'o' 0 0 950 46 0
b'n' 0 0 950 46 0
b' ' 0 0 950 46 0
b'd' 0 0 950 46 0
b'e' 0 0 950 46 0
b'n' 0 0 950 46 0
b' ' 0 0 950 46 0
b'j' 0 0 950 46 0
b'u' 0 0 950 46 0
b'n' 0 0 950 46 0
b'g' 0 0 950 46 0
b'e' 0 0 950 46 0
b'n' 0 0 950 46 0
b' ' 0 0 950 46 0
b'D' 0 0 950 46 0
b'a' 0 0 950 46 0
b'm' 0 0 950 46 0
b'e' 0 0 950 46 0
b'n' 0 0 950 46 0
b' ' 0 0 950 46 0
b'a' 0 0 950 46 0
b'b' 0 0 950 46 0
b'g' 0 0 950 46 0
b'e' 0 0 950 46 0
b'h' 0 0 950 46 0
b'o' 0 0 950 46 0
b'l' 0 0 950 46 0
b't' 0 0 950 46 0
b' ' 0 0 950 46 0
b'w' 0 0 950 46 0
b'e' 0 0 950 46 0
b'r' 0 0 950 46 0
b'd' 0 0 950 46 0
b'e' 0 0 950 46 0
b'n' 0 0 950 46 0
b',' 0 0 950 46 0
b' ' 0 0 950 46 0
b'\xc5\xbf' 0 0 950 46 0
b'o' 0 0 950 46 0
	 950 46 951 47 0
b'k' 0 0 474 44 0
b'\xc3\xb6' 0 0 474 44 0
b'n' 0 0 474 44 0
b'n' 0 0 474 44 0
b'e' 0 0 474 44 0
b'n' 0 0 474 44 0
b' ' 0 0 474 44 0
b'w' 0 0 474 44 0
b'i' 0 0 474 44 0
b'r' 0 0 474 44 0
b' ' 0 0 474 44 0
b'l' 0 0 474 44 0
b'a' 0 0 474 44 0
b'n' 0 0 474 44 0
b'g' 0 0 474 44 0
b'e' 0 0 474 44 0
b' ' 0 0 474 44 0
b'w' 0 0 474 44 0
b'a' 0 0 474 44 0
b'r' 0 0 474 44 0
b't' 0 0 474 44 0
b'e' 0 0 474 44 0
b'n' 0 0 474 44 0
b'.' 0 0 474 44 0
b'\xe2\x80\x9c' 0 0 474 44 0
	 474 44 475 45 0
b'\xe2\x80\x9e' 0 0 884 48 0
b'A' 0 0 884 48 0
b'J' 0 0 884 48 0
b'J' 0 0 884 48 0
b'o' 0 0 884 48 0
b'n' 0 0 884 48 0
b's' 0 0 884 48 0
b' ' 0 0 884 48 0
b'e' 0 0 884 48 0
b'n' 0 0 884 48 0
b'f' 0 0 884 48 0
b'a' 0 0 884 48 0
b'n' 0 0 884 48 0
b't' 0 0 884 48 0
b's' 0 0 884 48 0
b' ' 0 0 884 48 0
b'd' 0 0 884 48 0
b'e' 0 0 884 48 0
b' ' 0 0 884 48 0
b'l' 0 0 884 48 0
b'a' 0 0 884 48 0
b' ' 0 0 884 48 0
b'p' 0 0 884 48 0
b'a' 0 0 884 48 0
b't' 0 0 884 48 0
b'r' 0 0 884 48 0
b'i' 0 0 884 48 0
b'e' 0 0 884 48 0
b'!' 0 0 884 48 0
b'\xe2\x80\x9c' 0 0 884 48 0
b' ' 0 0 884 48 0
b'\xc5\xbf' 0 0 884 48 0
b'a' 0 0 884 48 0
b'n' 0 0 884 48 0
b'g' 0 0 884 48 0
b' ' 0 0 884 48 0
b'O' 0 0 884 48 0
b'l' 0 0 884 48 0
b'd' 0 0 884 48 0
b'e' 0 0 884 48 0
b'n' 0 0 884 48 0
b'b' 0 0 884 48 0
b'u' 0 0 884 48 0
b'r' 0 0 884 48 0
b'g' 0 0 884 48 0
	 884 48 885 49 0
b'i' 0 0 952 50 0
b'n' 0 0 952 50 0
b' ' 0 0 952 50 0
b'm' 0 0 952 50 0
b'\xc3\xb6' 0 0 952 50 0
b'g' 0 0 952 50 0
b'l' 0 0 952 50 0
b'i' 0 0 952 50 0
b'c' 0 0 952 50 0
b'h' 0 0 952 50 0
b'\xc5\xbf' 0 0 952 50 0
b't' 0 0 952 50 0
b' ' 0 0 952 50 0
b'f' 0 0 952 50 0
b'a' 0 0 952 50 0
b'l' 0 0 952 50 0
b'\xc5\xbf' 0 0 952 50 0
b'c' 0 0 952 50 0
b'h' 0 0 952 50 0
b'e' 0 0 952 50 0
b'n' 0 0 952 50 0
b' ' 0 0 952 50 0
b'T' 0 0 952 50 0
b'\xc3\xb6' 0 0 952 50 0
b'n' 0 0 952 50 0
b'e' 0 0 952 50 0
b'n' 0 0 952 50 0
b' ' 0 0 952 50 0
b'm' 0 0 952 50 0
b'i' 0 0 952 50 0
b't' 0 0 952 50 0
b' ' 0 0 952 50 0
b'e' 0 0 952 50 0
b'i' 0 0 952 50 0
b'n' 0 0 952 50 0
b'e' 0 0 952 50 0
b'r' 0 0 952 50 0
b' ' 0 0 952 50 0
b'S' 0 0 952 50 0
b't' 0 0 952 50 0
b'i' 0 0 952 50 0
b'm' 0 0 952 50 0
b'm' 0 0 952 50 0
b'e' 0 0 952 50 0
b',' 0 0 952 50 0
b' ' 0 0 952 50 0
b'd' 0 0 952 50 0
b'i' 0 0 952 50 0
b'e' 0 0 952 50 0
	 952 50 953 51 0
b'w' 0 0 949 48 0
b'e' 0 0 949 48 0
b'\xc5\xbf' 0 0 949 48 0
b'e' 0 0 949 48 0
b'n' 0 0 949 48 0
b't' 0 0 949 48 0
b'l' 0 0 949 48 0
b'i' 0 0 949 48 0
b'c' 0 0 949 48 0
b'h' 0 0 949 48 0
b' ' 0 0 949 48 0
b'd' 0 0 949 48 0
b'e' 0 0 949 48 0
b'm' 0 0 949 48 0
b' ' 0 0 949 48 0
b'K' 0 0 949 48 0
b'r' 0 0 949 48 0
b'\xc3\xa4' 0 0 949 48 0
b'h' 0 0 949 48 0
b'e' 0 0 949 48 0
b'n' 0 0 949 48 0
b' ' 0 0 949 48 0
b'e' 0 0 949 48 0
b'i' 0 0 949 48 0
b'n' 0 0 949 48 0
b'e' 0 0 949 48 0
b's' 0 0 949 48 0
b' ' 0 0 949 48 0
b'h' 0 0 949 48 0
b'e' 0 0 949 48 0
b'i' 0 0 949 48 0
b'\xc5\xbf' 0 0 949 48 0
b'e' 0 0 949 48 0
b'r' 0 0 949 48 0
b'n' 0 0 949 48 0
b' ' 0 0 949 48 0
b'H' 0 0 949 48 0
b'a' 0 0 949 48 0
b'h' 0 0 949 48 0
b'n' 0 0 949 48 0
b's' 0 0 949 48 0
b' ' 0 0 949 48 0
b'a' 0 0 949 48 0
b'n' 0 0 949 48 0
b' ' 0 0 949 48 0
b'e' 0 0 949 48 0
b'i' 0 0 949 48 0
b'n' 0 0 949 48 0
b'e' 0 0 949 48 0
b'm' 0 0 949 48 0
	 949 48 950 49 0
b'r' 0 0 953 51 0
b'e' 0 0 953 51 0
b'g' 0 0 953 51 0
b'n' 0 0 953 51 0
b'e' 0 0 953 51 0
b'r' 0 0 953 51 0
b'i' 0 0 953 51 0
b'\xc5\xbf' 0 0 953 51 0
b'c' 0 0 953 51 0
b'h' 0 0 953 51 0
b'e' 0 0 953 51 0
b'n' 0 0 953 51 0
b' ' 0 0 953 51 0
b'T' 0 0 953 51 0
b'a' 0 0 953 51 0
b'g' 0 0 953 51 0
b'e' 0 0 953 51 0
b' ' 0 0 953 51 0
b'g' 0 0 953 51 0
b'l' 0 0 953 51 0
b'i' 0 0 953 51 0
b'c' 0 0 953 51 0
b'h' 0 0 953 51 0
b',' 0 0 953 51 0
b' ' 0 0 953 51 0
b'u' 0 0 953 51 0
b'n' 0 0 953 51 0
b'd' 0 0 953 51 0
b' ' 0 0 953 51 0
b'f' 0 0 953 51 0
b'a' 0 0 953 51 0
b'\xc3\x9f' 0 0 953 51 0
b't' 0 0 953 51 0
b'e' 0 0 953 51 0
b' ' 0 0 953 51 0
b'v' 0 0 953 51 0
b'o' 0 0 953 51 0
b'n' 0 0 953 51 0
b' ' 0 0 953 51 0
b'C' 0 0 953 51 0
b'l' 0 0 953 51 0
b'o' 0 0 953 51 0
b't' 0 0 953 51 0
b'e' 0 0 953 51 0
b'n' 0 0 953 51 0
b' ' 0 0 953 51 0
b'u' 0 0 953 51 0
b'n' 0 0 953 51 0
b't' 0 0 953 51 0
b'e' 0 0 953 51 0
b'r' 0 0 953 51 0
	 953 51 954 52 0
b'd' 0 0 163 31 0
b'e' 0 0 163 31 0
b'n' 0 0 163 31 0
b' ' 0 0 163 31 0
b'A' 0 0 163 31 0
b'r' 0 0 163 31 0
b'm' 0 0 163 31 0
b'.' 0 0 163 31 0
	 163 31 164 32 0
b'\xe2\x80\x9e' 0 0 878 49 0
b'C' 0 0 878 49 0
b'l' 0 0 878 49 0
b'o' 0 0 878 49 0
b't' 0 0 878 49 0
b'e' 0 0 878 49 0
b'n' 0 0 878 49 0
b',' 0 0 878 49 0
b' ' 0 0 878 49 0
b'm' 0 0 878 49 0
b'o' 0 0 878 49 0
b'n' 0 0 878 49 0
b' ' 0 0 878 49 0
b'b' 0 0 878 49 0
b'r' 0 0 878 49 0
b'a' 0 0 878 49 0
b'v' 0 0 878 49 0
b'e' 0 0 878 49 0
b',' 0 0 878 49 0
b' ' 0 0 878 49 0
b'w' 0 0 878 49 0
b'i' 0 0 878 49 0
b'r' 0 0 878 49 0
b' ' 0 0 878 49 0
b'w' 0 0 878 49 0
b'e' 0 0 878 49 0
b'r' 0 0 878 49 0
b'd' 0 0 878 49 0
b'e' 0 0 878 49 0
b'n' 0 0 878 49 0
b' ' 0 0 878 49 0
b'a' 0 0 878 49 0
b'l' 0 0 878 49 0
b't' 0 0 878 49 0
b',' 0 0 878 49 0
b'\xe2\x80\x9c' 0 0 878 49 0
b' ' 0 0 878 49 0
b'\xc5\xbf' 0 0 878 49 0
b'a' 0 0 878 49 0
b'g' 0 0 878 49 0
b't' 0 0 878 49 0
b'e' 0 0 878 49 0
b' ' 0 0 878 49 0
b'e' 0 0 878 49 0
b'r' 0 0 878 49 0
b',' 0 0 878 49 0
	 878 49 879 50 0
b'w' 0 0 949 50 0
b'\xc3\xa4' 0 0 949 50 0
b'h' 0 0 949 50 0
b'r' 0 0 949 50 0
b'e' 0 0 949 50 0
b'n' 0 0 949 50 0
b'd' 0 0 949 50 0
b' ' 0 0 949 50 0
b'\xc5\xbf' 0 0 949 50 0
b'i' 0 0 949 50 0
b'e' 0 0 949 50 0
b' ' 0 0 949 50 0
b'i' 0 0 949 50 0
b'n' 0 0 949 50 0
b' ' 0 0 949 50 0
b'e' 0 0 949 50 0
b'i' 0 0 949 50 0
b'n' 0 0 949 50 0
b'i' 0 0 949 50 0
b'g' 0 0 949 50 0
b'e' 0 0 949 50 0
b'r' 0 0 949 50 0
b' ' 0 0 949 50 0
b'E' 0 0 949 50 0
b'n' 0 0 949 50 0
b't' 0 0 949 50 0
b'f' 0 0 949 50 0
b'e' 0 0 949 50 0
b'r' 0 0 949 50 0
b'n' 0 0 949 50 0
b'u' 0 0 949 50 0
b'n' 0 0 949 50 0
b'g' 0 0 949 50 0
b' ' 0 0 949 50 0
b'h' 0 0 949 50 0
b'i' 0 0 949 50 0
b'n' 0 0 949 50 0
b't' 0 0 949 50 0
b'e' 0 0 949 50 0
b'r' 0 0 949 50 0
b' ' 0 0 949 50 0
b'd' 0 0 949 50 0
b'e' 0 0 949 50 0
b'n' 0 0 949 50 0
b' ' 0 0 949 50 0
b'A' 0 0 949 50 0
b'n' 0 0 949 50 0
b'd' 0 0 949 50 0
b'e' 0 0 949 50 0
b'r' 0 0 949 50 0
b'n' 0 0 949 50 0
	 949 50 950 51 0
b'd' 0 0 949 53 0
b'e' 0 0 949 53 0
b'm' 0 0 949 53 0
b' ' 0 0 949 53 0
b'H' 0 0 949 53 0
b'a' 0 0 949 53 0
b'u' 0 0 949 53 0
b'\xc5\xbf' 0 0 949 53 0
b'e' 0 0 949 53 0
b' ' 0 0 949 53 0
b'z' 0 0 949 53 0
b'u' 0 0 949 53 0
b'\xc5\xbf' 0 0 949 53 0
b'c' 0 0 949 53 0
b'h' 0 0 949 53 0
b'r' 0 0 949 53 0
b'i' 0 0 949 53 0
b't' 0 0 949 53 0
b't' 0 0 949 53 0
b'e' 0 0 949 53 0
b'n' 0 0 949 53 0
b'.' 0 0 949 53 0
b' ' 0 0 949 53 0
b'\xe2\x80\x9e' 0 0 949 53 0
b'W' 0 0 949 53 0
b'e' 0 0 949 53 0
b'n' 0 0 949 53 0
b'n' 0 0 949 53 0
b' ' 0 0 949 53 0
b'w' 0 0 949 53 0
b'i' 0 0 949 53 0
b'r' 0 0 949 53 0
b' ' 0 0 949 53 0
b'n' 0 0 949 53 0
b'i' 0 0 949 53 0
b'c' 0 0 949 53 0
b'h' 0 0 949 53 0
b't' 0 0 949 53 0
b' ' 0 0 949 53 0
b'b' 0 0 949 53 0
b'a' 0 0 949 53 0
b'l' 0 0 949 53 0
b'd' 0 0 949 53 0
b' ' 0 0 949 53 0
b'm' 0 0 949 53 0
b'a' 0 0 949 53 0
b'c' 0 0 949 53 0
b'h' 0 0 949 53 0
b'e' 0 0 949 53 0
b'n' 0 0 949 53 0
b',' 0 0 949 53 0
	 949 53 950 54 0
b'd' 0 0 950 48 0
b'a' 0 0 950 48 0
b'\xc3\x9f' 0 0 950 48 0
b' ' 0 0 950 48 0
b'w' 0 0 950 48 0
b'i' 0 0 950 48 0
b'r' 0 0 950 48 0
b' ' 0 0 950 48 0
b'u' 0 0 950 48 0
b'n' 0 0 950 48 0
b't' 0 0 950 48 0
b'e' 0 0 950 48 0
b'r' 0 0 950 48 0
b' ' 0 0 950 48 0
b'd' 0 0 950 48 0
b'i' 0 0 950 48 0
b'e' 0 0 950 48 0
b' ' 0 0 950 48 0
b'H' 0 0 950 48 0
b'a' 0 0 950 48 0
b'u' 0 0 950 48 0
b'b' 0 0 950 48 0
b'e' 0 0 950 48 0
b' ' 0 0 950 48 0
b'k' 0 0 950 48 0
b'o' 0 0 950 48 0
b'm' 0 0 950 48 0
b'm' 0 0 950 48 0
b'e' 0 0 950 48 0
b'n' 0 0 950 48 0
b',' 0 0 950 48 0
b' ' 0 0 950 48 0
b'\xc5\xbf' 0 0 950 48 0
b'o' 0 0 950 48 0
b' ' 0 0 950 48 0
b'i' 0 0 950 48 0
b'\xc5\xbf' 0 0 950 48 0
b't' 0 0 950 48 0
b' ' 0 0 950 48 0
b'u' 0 0 950 48 0
b'n' 0 0 950 48 0
b's' 0 0 950 48 0
b' ' 0 0 950 48 0
b'j' 0 0 950 48 0
b'e' 0 0 950 48 0
b'd' 0 0 950 48 0
b'e' 0 0 950 48 0
	 950 48 951 49 0
b'u' 0 0 784 50 0
b'n' 0 0 784 50 0
b'd' 0 0 784 50 0
b' ' 0 0 784 50 0
b'e' 0 0 784 50 0
b'i' 0 0 784 50 0
b'n' 0 0 784 50 0
b' ' 0 0 784 50 0
b'\xc5\xbf' 0 0 784 50 0
b'e' 0 0 784 50 0
b'l' 0 0 784 50 0
b'i' 0 0 784 50 0
b'g' 0 0 784 50 0
b'e' 0 0 784 50 0
b's' 0 0 784 50 0
b' ' 0 0 784 50 0
b'E' 0 0 784 50 0
b'n' 0 0 784 50 0
b'd' 0 0 784 50 0
b'e' 0 0 784 50 0
b',' 0 0 784 50 0
b' ' 0 0 784 50 0
b'A' 0 0 784 50 0
b'm' 0 0 784 50 0
b'e' 0 0 784 50 0
b'n' 0 0 784 50 0
b',' 0 0 784 50 0
b' ' 0 0 784 50 0
b'a' 0 0 784 50 0
b'b' 0 0 784 50 0
b'g' 0 0 784 50 0
b'e' 0 0 784 50 0
b'\xc5\xbf' 0 0 784 50 0
b'c' 0 0 784 50 0
b'h' 0 0 784 50 0
b'n' 0 0 784 50 0
b'i' 0 0 784 50 0
b't' 0 0 784 50 0
b't' 0 0 784 50 0
b'e' 0 0 784 50 0
b'n' 0 0 784 50 0
b'.' 0 0 784 50 0
b'\xe2\x80\x9c' 0 0 784 50 0
	 784 50 785 51 0
b'\xe2\x80\x9e' 0 0 879 49 0
b'A' 0 0 879 49 0
b'h' 0 0 879 49 0
b',' 0 0 879 49 0
b' ' 0 0 879 49 0
b'S' 0 0 879 49 0
b'p' 0 0 879 49 0
b'a' 0 0 879 49 0
b'\xc3\x9f' 0 0 879 49 0
b'!' 0 0 879 49 0
b' ' 0 0 879 49 0
b'B' 0 0 879 49 0
b'a' 0 0 879 49 0
b'r' 0 0 879 49 0
b'o' 0 0 879 49 0
b'n' 0 0 879 49 0
b',' 0 0 879 49 0
b' ' 0 0 879 49 0
b'S' 0 0 879 49 0
b'i' 0 0 879 49 0
b'e' 0 0 879 49 0
b' ' 0 0 879 49 0
b'\xc5\xbf' 0 0 879 49 0
b'i' 0 0 879 49 0
b'n' 0 0 879 49 0
b'd' 0 0 879 49 0
b' ' 0 0 879 49 0
b'm' 0 0 879 49 0
b'i' 0 0 879 49 0
b'n' 0 0 879 49 0
b'd' 0 0 879 49 0
b'e' 0 0 879 49 0
b'\xc5\xbf' 0 0 879 49 0
b't' 0 0 879 49 0
b'e' 0 0 879 49 0
b'n' 0 0 879 49 0
b's' 0 0 879 49 0
b' ' 0 0 879 49 0
b'f' 0 0 879 49 0
b'\xc3\xbc' 0 0 879 49 0
b'n' 0 0 879 49 0
b'f' 0 0 879 49 0
	 879 49 880 50 0
b'J' 0 0 378 43 0
b'a' 0 0 378 43 0
b'h' 0 0 378 43 0
b'r' 0 0 378 43 0
b'e' 0 0 378 43 0
b' ' 0 0 378 43 0
b'\xc3\xa4' 0 0 378 43 0
b'l' 0 0 378 43 0
b't' 0 0 378 43 0
b'e' 0 0 378 43 0
b'r' 0 0 378 43 0
b' ' 0 0 378 43 0
b'w' 0 0 378 43 0
b'i' 0 0 378 43 0
b'e' 0 0 378 43 0
b' ' 0 0 378 43 0
b'i' 0 0 378 43 0
b'c' 0 0 378 43 0
b'h' 0 0 378 43 0
b'.' 0 0 378 43 0
b'\xe2\x80\x9c' 0 0 378 43 0
	 378 43 379 44 0
b'4' 0 0 43 33 0
b'6' 0 0 43 33 0
	 43 33 44 34 0
b'\xe2\x80\x9e' 0 0 886 64 0
b'D' 0 0 886 64 0
b'a' 0 0 886 64 0
b's' 0 0 886 64 0
b' ' 0 0 886 64 0
b'h' 0 0 886 64 0
b'i' 0 0 886 64 0
b'n' 0 0 886 64 0
b'd' 0 0 886 64 0
b'e' 0 0 886 64 0
b'r' 0 0 886 64 0
b't' 0 0 886 64 0
b' ' 0 0 886 64 0
b'n' 0 0 886 64 0
b'i' 0 0 886 64 0
b'c' 0 0 886 64 0
b'h' 0 0 886 64 0
b't' 0 0 886 64 0
b',' 0 0 886 64 0
b' ' 0 0 886 64 0
b'd' 0 0 886 64 0
b'a' 0 0 886 64 0
b'\xc3\x9f' 0 0 886 64 0
b' ' 0 0 886 64 0
b'd' 0 0 886 64 0
b'i' 0 0 886 64 0
b'e' 0 0 886 64 0
b' ' 0 0 886 64 0
b'j' 0 0 886 64 0
b'u' 0 0 886 64 0
b'n' 0 0 886 64 0
b'g' 0 0 886 64 0
b'e' 0 0 886 64 0
b'n' 0 0 886 64 0
b' ' 0 0 886 64 0
b'D' 0 0 886 64 0
b'a' 0 0 886 64 0
b'm' 0 0 886 64 0
b'e' 0 0 886 64 0
b'n' 0 0 886 64 0
b' ' 0 0 886 64 0
b'e' 0 0 886 64 0
b'i' 0 0 886 64 0
b'n' 0 0 886 64 0
b'e' 0 0 886 64 0
b'n' 0 0 886 64 0
	 886 64 887 65 0
b'w' 0 0 834 65 0
b'i' 0 0 834 65 0
b'e' 0 0 834 65 0
b' ' 0 0 834 65 0
b'd' 0 0 834 65 0
b'e' 0 0 834 65 0
b'n' 0 0 834 65 0
b' ' 0 0 834 65 0
b'a' 0 0 834 65 0
b'n' 0 0 834 65 0
b'd' 0 0 834 65 0
b'e' 0 0 834 65 0
b'r' 0 0 834 65 0
b'n' 0 0 834 65 0
b' ' 0 0 834 65 0
b'e' 0 0 834 65 0
b'n' 0 0 834 65 0
b' ' 0 0 834 65 0
b'c' 0 0 834 65 0
b'a' 0 0 834 65 0
b'n' 0 0 834 65 0
b'a' 0 0 834 65 0
b'i' 0 0 834 65 0
b'l' 0 0 834 65 0
b'l' 0 0 834 65 0
b'e' 0 0 834 65 0
b' ' 0 0 834 65 0
b'b' 0 0 834 65 0
b'e' 0 0 834 65 0
b'h' 0 0 834 65 0
b'a' 0 0 834 65 0
b'n' 0 0 834 65 0
b'd' 0 0 834 65 0
b'e' 0 0 834 65 0
b'l' 0 0 834 65 0
b't' 0 0 834 65 0
b' ' 0 0 834 65 0
b'h' 0 0 834 65 0
b'a' 0 0 834 65 0
b'b' 0 0 834 65 0
b'e' 0 0 834 65 0
b'n' 0 0 834 65 0
b'.' 0 0 834 65 0
b'\xe2\x80\x9c' 0 0 834 65 0
	 834 65 835 66 0
b'\xe2\x80\x9e' 0 0 886 70 0
b'D' 0 0 886 70 0
b'i' 0 0 886 70 0
b'e' 0 0 886 70 0
b' ' 0 0 886 70 0
b'k' 0 0 886 70 0
b'l' 0 0 886 70 0
b'e' 0 0 886 70 0
b'i' 0 0 886 70 0
b'n' 0 0 886 70 0
b'e' 0 0 886 70 0
b' ' 0 0 886 70 0
b'E' 0 0 886 70 0
b'm' 0 0 886 70 0
b'i' 0 0 886 70 0
b'l' 0 0 886 70 0
b'i' 0 0 886 70 0
b'e' 0 0 886 70 0
b' ' 0 0 886 70 0
b'i' 0 0 886 70 0
b'\xc5\xbf' 0 0 886 70 0
b't' 0 0 886 70 0
b' ' 0 0 886 70 0
b'e' 0 0 886 70 0
b'i' 0 0 886 70 0
b'n' 0 0 886 70 0
b' ' 0 0 886 70 0
b'v' 0 0 886 70 0
b'e' 0 0 886 70 0
b'r' 0 0 886 70 0
b'd' 0 0 886 70 0
b'a' 0 0 886 70 0
b'm' 0 0 886 70 0
b'm' 0 0 886 70 0
b't' 0 0 886 70 0
b' ' 0 0 886 70 0
b'h' 0 0 886 70 0
b'\xc3\xbc' 0 0 886 70 0
b'b' 0 0 886 70 0
b'\xc5\xbf' 0 0 886 70 0
b'c' 0 0 886 70 0
b'h' 0 0 886 70 0
b'e' 0 0 886 70 0
b'r' 0 0 886 70 0
	 886 70 887 71 0
b'B' 0 0 180 47 0
b'a' 0 0 180 47 0
b'c' 0 0 180 47 0
b'k' 0 0 180 47 0
b'f' 0 0 180 47 0
b'i' 0 0 180 47 0
b'\xc5\xbf' 0 0 180 47 0
b'c' 0 0 180 47 0
b'h' 0 0 180 47 0
b'.' 0 0 180 47 0
b'\xe2\x80\x9c' 0 0 180 47 0
	 180 47 181 48 0
b'\xe2\x80\x9e' 0 0 884 71 0
b'S' 0 0 884 71 0
b'i' 0 0 884 71 0
b' ' 0 0 884 71 0
b's' 0 0 884 71 0
b'i' 0 0 884 71 0
b'g' 0 0 884 71 0
b'n' 0 0 884 71 0
b'o' 0 0 884 71 0
b'r' 0 0 884 71 0
b'e' 0 0 884 71 0
b',' 0 0 884 71 0
b' ' 0 0 884 71 0
b'u' 0 0 884 71 0
b'n' 0 0 884 71 0
b'd' 0 0 884 71 0
b' ' 0 0 884 71 0
b'w' 0 0 884 71 0
b'a' 0 0 884 71 0
b's' 0 0 884 71 0
b' ' 0 0 884 71 0
b'f' 0 0 884 71 0
b'\xc3\xbc' 0 0 884 71 0
b'r' 0 0 884 71 0
b' ' 0 0 884 71 0
b'e' 0 0 884 71 0
b'i' 0 0 884 71 0
b'n' 0 0 884 71 0
b' ' 0 0 884 71 0
b'P' 0 0 884 71 0
b'a' 0 0 884 71 0
b'a' 0 0 884 71 0
b'r' 0 0 884 71 0
b' ' 0 0 884 71 0
b'g' 0 0 884 71 0
b'r' 0 0 884 71 0
b'o' 0 0 884 71 0
b'\xc3\x9f' 0 0 884 71 0
b'e' 0 0 884 71 0
b',' 0 0 884 71 0
b' ' 0 0 884 71 0
b'g' 0 0 884 71 0
b'r' 0 0 884 71 0
b'a' 0 0 884 71 0
b'u' 0 0 884 71 0
b'e' 0 0 884 71 0
b',' 0 0 884 71 0
	 884 71 885 72 0
b'v' 0 0 933 69 0
b'e' 0 0 933 69 0
b'r' 0 0 933 69 0
b'l' 0 0 933 69 0
b'i' 0 0 933 69 0
b'e' 0 0 933 69 0
b'b' 0 0 933 69 0
b't' 0 0 933 69 0
b'e' 0 0 933 69 0
b' ' 0 0 933 69 0
b'A' 0 0 933 69 0
b'u' 0 0 933 69 0
b'g' 0 0 933 69 0
b'e' 0 0 933 69 0
b'n' 0 0 933 69 0
b' ' 0 0 933 69 0
b'\xc5\xbf' 0 0 933 69 0
b'i' 0 0 933 69 0
b'e' 0 0 933 69 0
b' ' 0 0 933 69 0
b'd' 0 0 933 69 0
b'e' 0 0 933 69 0
b'm' 0 0 933 69 0
b' ' 0 0 933 69 0
b'D' 0 0 933 69 0
b'o' 0 0 933 69 0
b'c' 0 0 933 69 0
b't' 0 0 933 69 0
b'o' 0 0 933 69 0
b'r' 0 0 933 69 0
b' ' 0 0 933 69 0
b'm' 0 0 933 69 0
b'a' 0 0 933 69 0
b'c' 0 0 933 69 0
b'h' 0 0 933 69 0
b't' 0 0 933 69 0
b'e' 0 0 933 69 0
b'!' 0 0 933 69 0
b' ' 0 0 933 69 0
b'M' 0 0 933 69 0
b'i' 0 0 933 69 0
b't' 0 0 933 69 0
b' ' 0 0 933 69 0
b'\xc5\xbf' 0 0 933 69 0
b'e' 0 0 933 69 0
b'c' 0 0 933 69 0
b'h' 0 0 933 69 0
b's' 0 0 933 69 0
b'\xe2\x80\x94' 0 0 933 69 0
	 933 69 934 70 0
b'z' 0 0 756 64 0
b'e' 0 0 756 64 0
b'h' 0 0 756 64 0
b'n' 0 0 756 64 0
b' ' 0 0 756 64 0
b'J' 0 0 756 64 0
b'a' 0 0 756 64 0
b'h' 0 0 756 64 0
b'r' 0 0 756 64 0
b'e' 0 0 756 64 0
b'n' 0 0 756 64 0
b'!' 0 0 756 64 0
b' ' 0 0 756 64 0
b'w' 0 0 756 64 0
b'a' 0 0 756 64 0
b'h' 0 0 756 64 0
b'r' 0 0 756 64 0
b'h' 0 0 756 64 0
b'a' 0 0 756 64 0
b'f' 0 0 756 64 0
b't' 0 0 756 64 0
b'i' 0 0 756 64 0
b'g' 0 0 756 64 0
b' ' 0 0 756 64 0
b'a' 0 0 756 64 0
b'l' 0 0 756 64 0
b'l' 0 0 756 64 0
b'e' 0 0 756 64 0
b's' 0 0 756 64 0
b' ' 0 0 756 64 0
b'M' 0 0 756 64 0
b'\xc3\xb6' 0 0 756 64 0
b'g' 0 0 756 64 0
b'l' 0 0 756 64 0
b'i' 0 0 756 64 0
b'c' 0 0 756 64 0
b'h' 0 0 756 64 0
b'e' 0 0 756 64 0
b'!' 0 0 756 64 0
b'\xe2\x80\x9c' 0 0 756 64 0
	 756 64 757 65 0
b'\xe2\x80\x9e' 0 0 390 52 0
b'V' 0 0 390 52 0
b'e' 0 0 390 52 0
b'r' 0 0 390 52 0
b'd' 0 0 390 52 0
b'a' 0 0 390 52 0
b'm' 0 0 390 52 0
b'm' 0 0 390 52 0
b't' 0 0 390 52 0
b'e' 0 0 390 52 0
b' ' 0 0 390 52 0
b'P' 0 0 390 52 0
b'u' 0 0 390 52 0
b'p' 0 0 390 52 0
b'p' 0 0 390 52 0
b'e' 0 0 390 52 0
b'!' 0 0 390 52 0
b'\xe2\x80\x9c' 0 0 390 52 0
	 390 52 391 53 0
b'\xe2\x80\x9e' 0 0 495 50 0
b'W' 0 0 495 50 0
b'e' 0 0 495 50 0
b'r' 0 0 495 50 0
b'?' 0 0 495 50 0
b' ' 0 0 495 50 0
b'F' 0 0 495 50 0
b'r' 0 0 495 50 0
b'\xc3\xa4' 0 0 495 50 0
b'u' 0 0 495 50 0
b'l' 0 0 495 50 0
b'e' 0 0 495 50 0
b'i' 0 0 495 50 0
b'n' 0 0 495 50 0
b' ' 0 0 495 50 0
b'E' 0 0 495 50 0
b'm' 0 0 495 50 0
b'i' 0 0 495 50 0
b'l' 0 0 495 50 0
b'i' 0 0 495 50 0
b'e' 0 0 495 50 0
b'?' 0 0 495 50 0
b'\xe2\x80\x9c' 0 0 495 50 0
	 495 50 496 51 0
b'\xe2\x80\x9e' 0 0 641 52 0
b'A' 0 0 641 52 0
b'h' 0 0 641 52 0
b',' 0 0 641 52 0
b' ' 0 0 641 52 0
b'\xe2\x80\x94' 0 0 641 52 0
b' ' 0 0 641 52 0
b'd' 0 0 641 52 0
b'e' 0 0 641 52 0
b'r' 0 0 641 52 0
b' ' 0 0 641 52 0
b'M' 0 0 641 52 0
b'e' 0 0 641 52 0
b'n' 0 0 641 52 0
b'\xc5\xbf' 0 0 641 52 0
b'c' 0 0 641 52 0
b'h' 0 0 641 52 0
b',' 0 0 641 52 0
b' ' 0 0 641 52 0
b'd' 0 0 641 52 0
b'e' 0 0 641 52 0
b'r' 0 0 641 52 0
b' ' 0 0 641 52 0
b'D' 0 0 641 52 0
b'o' 0 0 641 52 0
b'c' 0 0 641 52 0
b't' 0 0 641 52 0
b'o' 0 0 641 52 0
b'r' 0 0 641 52 0
b'!' 0 0 641 52 0
b'\xe2\x80\x9c' 0 0 641 52 0
	 641 52 642 53 0
b'\xe2\x80\x9e' 0 0 885 65 0
b'J' 0 0 885 65 0
b'a' 0 0 885 65 0
b',' 0 0 885 65 0
b' ' 0 0 885 65 0
b'\xc5\xbf' 0 0 885 65 0
b'o' 0 0 885 65 0
b'!' 0 0 885 65 0
b' ' 0 0 885 65 0
b'J' 0 0 885 65 0
b'c' 0 0 885 65 0
b'h' 0 0 885 65 0
b' ' 0 0 885 65 0
b'h' 0 0 885 65 0
b'a' 0 0 885 65 0
b'b' 0 0 885 65 0
b"'" 0 0 885 65 0
b's' 0 0 885 65 0
b' ' 0 0 885 65 0
b'J' 0 0 885 65 0
b'h' 0 0 885 65 0
b'n' 0 0 885 65 0
b'e' 0 0 885 65 0
b'n' 0 0 885 65 0
b' ' 0 0 885 65 0
b'j' 0 0 885 65 0
b'a' 0 0 885 65 0
b' ' 0 0 885 65 0
b'g' 0 0 885 65 0
b'l' 0 0 885 65 0
b'e' 0 0 885 65 0
b'i' 0 0 885 65 0
b'c' 0 0 885 65 0
b'h' 0 0 885 65 0
b' ' 0 0 885 65 0
b'g' 0 0 885 65 0
b'e' 0 0 885 65 0
b'\xc5\xbf' 0 0 885 65 0
b'a' 0 0 885 65 0
b'g' 0 0 885 65 0
b't' 0 0 885 65 0
b'?' 0 0 885 65 0
b' ' 0 0 885 65 0
b'D' 0 0 885 65 0
b'i' 0 0 885 65 0
b'e' 0 0 885 65 0
	 885 65 886 66 0
b'M' 0 0 950 63 0
b'\xc3\xa4' 0 0 950 63 0
b'g' 0 0 950 63 0
b'd' 0 0 950 63 0
b'e' 0 0 950 63 0
b'l' 0 0 950 63 0
b'e' 0 0 950 63 0
b'i' 0 0 950 63 0
b'n' 0 0 950 63 0
b' ' 0 0 950 63 0
b'r' 0 0 950 63 0
b'e' 0 0 950 63 0
b'i' 0 0 950 63 0
b'\xc3\x9f' 0 0 950 63 0
b'e' 0 0 950 63 0
b'n' 0 0 950 63 0
b' ' 0 0 950 63 0
b'\xc5\xbf' 0 0 950 63 0
b'i' 0 0 950 63 0
b'c' 0 0 950 63 0
b'h' 0 0 950 63 0
b' ' 0 0 950 63 0
b'u' 0 0 950 63 0
b'm' 0 0 950 63 0
b' ' 0 0 950 63 0
b'i' 0 0 950 63 0
b'h' 0 0 950 63 0
b'n' 0 0 950 63 0
b'!' 0 0 950 63 0
b' ' 0 0 950 63 0
b'U' 0 0 950 63 0
b'n' 0 0 950 63 0
b'd' 0 0 950 63 0
b' ' 0 0 950 63 0
b'w' 0 0 950 63 0
b'i' 0 0 950 63 0
b'e' 0 0 950 63 0
b' ' 0 0 950 63 0
b'd' 0 0 950 63 0
b'e' 0 0 950 63 0
b'r' 0 0 950 63 0
b' ' 0 0 950 63 0
b'K' 0 0 950 63 0
b'e' 0 0 950 63 0
b'r' 0 0 950 63 0
b'l' 0 0 950 63 0
	 950 63 951 64 0
b'\xc5\xbf' 0 0 949 67 0
b'c' 0 0 949 67 0
b'h' 0 0 949 67 0
b'i' 0 0 949 67 0
b'e' 0 0 949 67 0
b'\xc3\x9f' 0 0 949 67 0
b't' 0 0 949 67 0
b'.' 0 0 949 67 0
b' ' 0 0 949 67 0
b'C' 0 0 949 67 0
b'l' 0 0 949 67 0
b'o' 0 0 949 67 0
b't' 0 0 949 67 0
b'e' 0 0 949 67 0
b'n' 0 0 949 67 0
b'!' 0 0 949 67 0
b' ' 0 0 949 67 0
b'M' 0 0 949 67 0
b'\xc3\xb6' 0 0 949 67 0
b'c' 0 0 949 67 0
b'h' 0 0 949 67 0
b't' 0 0 949 67 0
b'e' 0 0 949 67 0
b' ' 0 0 949 67 0
b'i' 0 0 949 67 0
b'h' 0 0 949 67 0
b'm' 0 0 949 67 0
b' ' 0 0 949 67 0
b'n' 0 0 949 67 0
b'i' 0 0 949 67 0
b'c' 0 0 949 67 0
b'h' 0 0 949 67 0
b't' 0 0 949 67 0
b' ' 0 0 949 67 0
b'a' 0 0 949 67 0
b'u' 0 0 949 67 0
b'f' 0 0 949 67 0
b' ' 0 0 949 67 0
b'f' 0 0 949 67 0
b'\xc3\xbc' 0 0 949 67 0
b'n' 0 0 949 67 0
b'f' 0 0 949 67 0
b' ' 0 0 949 67 0
b'S' 0 0 949 67 0
b'c' 0 0 949 67 0
b'h' 0 0 949 67 0
b'r' 0 0 949 67 0
b'i' 0 0 949 67 0
b't' 0 0 949 67 0
b't' 0 0 949 67 0
b'e' 0 0 949 67 0
	 949 67 950 68 0
b'B' 0 0 841 67 0
b'a' 0 0 841 67 0
b'r' 0 0 841 67 0
b'r' 0 0 841 67 0
b'i' 0 0 841 67 0
b'e' 0 0 841 67 0
b'r' 0 0 841 67 0
b'e' 0 0 841 67 0
b',' 0 0 841 67 0
b' ' 0 0 841 67 0
b'u' 0 0 841 67 0
b'n' 0 0 841 67 0
b'd' 0 0 841 67 0
b' ' 0 0 841 67 0
b'z' 0 0 841 67 0
b'e' 0 0 841 67 0
b'h' 0 0 841 67 0
b'n' 0 0 841 67 0
b' ' 0 0 841 67 0
b'D' 0 0 841 67 0
b'i' 0 0 841 67 0
b'\xc5\xbf' 0 0 841 67 0
b't' 0 0 841 67 0
b'a' 0 0 841 67 0
b'n' 0 0 841 67 0
b'c' 0 0 841 67 0
b'e' 0 0 841 67 0
b' ' 0 0 841 67 0
b'g' 0 0 841 67 0
b'e' 0 0 841 67 0
b'g' 0 0 841 67 0
b'e' 0 0 841 67 0
b'n' 0 0 841 67 0
b'\xc3\xbc' 0 0 841 67 0
b'b' 0 0 841 67 0
b'e' 0 0 841 67 0
b'r' 0 0 841 67 0
b'\xc5\xbf' 0 0 841 67 0
b't' 0 0 841 67 0
b'e' 0 0 841 67 0
b'h' 0 0 841 67 0
b'e' 0 0 841 67 0
b'n' 0 0 841 67 0
b'?' 0 0 841 67 0
b'\xe2\x80\x9c' 0 0 841 67 0
	 841 67 842 68 0
b'B' 0 0 160 39 0
b'a' 0 0 160 39 0
b'r' 0 0 160 39 0
b'o' 0 0 160 39 0
b'n' 0 0 160 39 0
b'?' 0 0 160 39 0
b'\xe2\x80\x9c' 0 0 160 39 0
	 160 39 161 40 0
b'\xe2\x80\x9e' 0 0 884 67 0
b'V' 0 0 884 67 0
b'i' 0 0 884 67 0
b'e' 0 0 884 67 0
b'l' 0 0 884 67 0
b'l' 0 0 884 67 0
b'e' 0 0 884 67 0
b'i' 0 0 884 67 0
b'c' 0 0 884 67 0
b'h' 0 0 884 67 0
b't' 0 0 884 67 0
b' ' 0 0 884 67 0
b'i' 0 0 884 67 0
b'\xc5\xbf' 0 0 884 67 0
b't' 0 0 884 67 0
b' ' 0 0 884 67 0
b'd' 0 0 884 67 0
b'e' 0 0 884 67 0
b'r' 0 0 884 67 0
b' ' 0 0 884 67 0
b'M' 0 0 884 67 0
b'a' 0 0 884 67 0
b'n' 0 0 884 67 0
b'n' 0 0 884 67 0
b' ' 0 0 884 67 0
b'd' 0 0 884 67 0
b'i' 0 0 884 67 0
b'e' 0 0 884 67 0
b' ' 0 0 884 67 0
b'F' 0 0 884 67 0
b'r' 0 0 884 67 0
b'u' 0 0 884 67 0
b'c' 0 0 884 67 0
b'h' 0 0 884 67 0
b't' 0 0 884 67 0
b' ' 0 0 884 67 0
b'e' 0 0 884 67 0
b'i' 0 0 884 67 0
b'n' 0 0 884 67 0
b'e' 0 0 884 67 0
b'r' 0 0 884 67 0
b' ' 0 0 884 67 0
b'L' 0 0 884 67 0
b'i' 0 0 884 67 0
b'a' 0 0 884 67 0
b'i' 0 0 884 67 0
b'\xc5\xbf' 0 0 884 67 0
b'o' 0 0 884 67 0
b'n' 0 0 884 67 0
	 884 67 885 68 0
b'z' 0 0 951 71 0
b'w' 0 0 951 71 0
b'i' 0 0 951 71 0
b'\xc5\xbf' 0 0 951 71 0
b'c' 0 0 951 71 0
b'h' 0 0 951 71 0
b'e' 0 0 951 71 0
b'n' 0 0 951 71 0
b' ' 0 0 951 71 0
b'e' 0 0 951 71 0
b'i' 0 0 951 71 0
b'n' 0 0 951 71 0
b'e' 0 0 951 71 0
b'm' 0 0 951 71 0
b' ' 0 0 951 71 0
b'S' 0 0 951 71 0
b'o' 0 0 951 71 0
b'h' 0 0 951 71 0
b'n' 0 0 951 71 0
b'e' 0 0 951 71 0
b' ' 0 0 951 71 0
b'd' 0 0 951 71 0
b'e' 0 0 951 71 0
b's' 0 0 951 71 0
b' ' 0 0 951 71 0
b'H' 0 0 951 71 0
b'i' 0 0 951 71 0
b'm' 0 0 951 71 0
b'm' 0 0 951 71 0
b'e' 0 0 951 71 0
b'l' 0 0 951 71 0
b's' 0 0 951 71 0
b' ' 0 0 951 71 0
b'u' 0 0 951 71 0
b'n' 0 0 951 71 0
b'd' 0 0 951 71 0
b' ' 0 0 951 71 0
b'e' 0 0 951 71 0
b'i' 0 0 951 71 0
b'n' 0 0 951 71 0
b'e' 0 0 951 71 0
b'r' 0 0 951 71 0
b' ' 0 0 951 71 0
b'T' 0 0 951 71 0
b'o' 0 0 951 71 0
b'c' 0 0 951 71 0
b'h' 0 0 951 71 0
b't' 0 0 951 71 0
b'e' 0 0 951 71 0
b'r' 0 0 951 71 0
	 951 71 952 72 0
b'd' 0 0 189 37 0
b'e' 0 0 189 37 0
b'r' 0 0 189 37 0
b' ' 0 0 189 37 0
b'E' 0 0 189 37 0
b'r' 0 0 189 37 0
b'd' 0 0 189 37 0
b'e' 0 0 189 37 0
b'.' 0 0 189 37 0
b'\xe2\x80\x9c' 0 0 189 37 0
	 189 37 190 38 0
b'\xe2\x80\x9e' 0 0 333 47 0
b'W' 0 0 333 47 0
b'a' 0 0 333 47 0
b's' 0 0 333 47 0
b' ' 0 0 333 47 0
b'h' 0 0 333 47 0
b'e' 0 0 333 47 0
b'i' 0 0 333 47 0
b'\xc3\x9f' 0 0 333 47 0
b't' 0 0 333 47 0
b' ' 0 0 333 47 0
b'd' 0 0 333 47 0
b'a' 0 0 333 47 0
b's' 0 0 333 47 0
b'?' 0 0 333 47 0
b'\xe2\x80\x9c' 0 0 333 47 0
	 333 47 334 48 0
b'\xe2\x80\x9e' 0 0 888 65 0
b'W' 0 0 888 65 0
b'i' 0 0 888 65 0
b'\xc5\xbf' 0 0 888 65 0
b'\xc5\xbf' 0 0 888 65 0
b'e' 0 0 888 65 0
b'n' 0 0 888 65 0
b' ' 0 0 888 65 0
b'S' 0 0 888 65 0
b'i' 0 0 888 65 0
b'e' 0 0 888 65 0
b' ' 0 0 888 65 0
b'n' 0 0 888 65 0
b'i' 0 0 888 65 0
b'c' 0 0 888 65 0
b'h' 0 0 888 65 0
b't' 0 0 888 65 0
b',' 0 0 888 65 0
b' ' 0 0 888 65 0
b'd' 0 0 888 65 0
b'a' 0 0 888 65 0
b'\xc3\x9f' 0 0 888 65 0
b' ' 0 0 888 65 0
b'i' 0 0 888 65 0
b'n' 0 0 888 65 0
b' ' 0 0 888 65 0
b'd' 0 0 888 65 0
b'e' 0 0 888 65 0
b'r' 0 0 888 65 0
b' ' 0 0 888 65 0
b'a' 0 0 888 65 0
b'l' 0 0 888 65 0
b't' 0 0 888 65 0
b'e' 0 0 888 65 0
b'n' 0 0 888 65 0
b' ' 0 0 888 65 0
b'Z' 0 0 888 65 0
b'e' 0 0 888 65 0
b'i' 0 0 888 65 0
b't' 0 0 888 65 0
b' ' 0 0 888 65 0
b'd' 0 0 888 65 0
b'i' 0 0 888 65 0
b'e' 0 0 888 65 0
b' ' 0 0 888 65 0
b'K' 0 0 888 65 0
b'i' 0 0 888 65 0
b'n' 0 0 888 65 0
b'd' 0 0 888 65 0
b'e' 0 0 888 65 0
b'r' 0 0 888 65 0
	 888 65 889 66 0
b'\xe2\x80\x9e' 0 0 886 69 0
b'N' 0 0 886 69 0
b'e' 0 0 886 69 0
b'i' 0 0 886 69 0
b'n' 0 0 886 69 0
b',' 0 0 886 69 0
b' ' 0 0 886 69 0
b'h' 0 0 886 69 0
b'a' 0 0 886 69 0
b'b' 0 0 886 69 0
b'e' 0 0 886 69 0
b' ' 0 0 886 69 0
b'n' 0 0 886 69 0
b'i' 0 0 886 69 0
b'e' 0 0 886 69 0
b' ' 0 0 886 69 0
b'g' 0 0 886 69 0
b'e' 0 0 886 69 0
b'h' 0 0 886 69 0
b'\xc3\xb6' 0 0 886 69 0
b'r' 0 0 886 69 0
b't' 0 0 886 69 0
b'!' 0 0 886 69 0
b' ' 0 0 886 69 0
b'S' 0 0 886 69 0
b'o' 0 0 886 69 0
b'h' 0 0 886 69 0
b'n' 0 0 886 69 0
b' ' 0 0 886 69 0
b'd' 0 0 886 69 0
b'e' 0 0 886 69 0
b's' 0 0 886 69 0
b' ' 0 0 886 69 0
b'H' 0 0 886 69 0
b'i' 0 0 886 69 0
b'm' 0 0 886 69 0
b'm' 0 0 886 69 0
b'e' 0 0 886 69 0
b'l' 0 0 886 69 0
b's' 0 0 886 69 0
b' ' 0 0 886 69 0
b'\xe2\x80\x94' 0 0 886 69 0
	 886 69 887 70 0
b'f' 0 0 951 76 0
b'a' 0 0 951 76 0
b'm' 0 0 951 76 0
b'o' 0 0 951 76 0
b's' 0 0 951 76 0
b'!' 0 0 951 76 0
b' ' 0 0 951 76 0
b'U' 0 0 951 76 0
b'e' 0 0 951 76 0
b'b' 0 0 951 76 0
b'r' 0 0 951 76 0
b'i' 0 0 951 76 0
b'g' 0 0 951 76 0
b'e' 0 0 951 76 0
b'n' 0 0 951 76 0
b's' 0 0 951 76 0
b' ' 0 0 951 76 0
b't' 0 0 951 76 0
b'r' 0 0 951 76 0
b'a' 0 0 951 76 0
b'u' 0 0 951 76 0
b'e' 0 0 951 76 0
b' ' 0 0 951 76 0
b'S' 0 0 951 76 0
b'c' 0 0 951 76 0
b'h' 0 0 951 76 0
b'r' 0 0 951 76 0
b'i' 0 0 951 76 0
b'f' 0 0 951 76 0
b't' 0 0 951 76 0
b' ' 0 0 951 76 0
b'n' 0 0 951 76 0
b'i' 0 0 951 76 0
b'c' 0 0 951 76 0
b'h' 0 0 951 76 0
b't' 0 0 951 76 0
b'.' 0 0 951 76 0
b' ' 0 0 951 76 0
b'M' 0 0 951 76 0
b'\xc3\xbc' 0 0 951 76 0
b'\xc5\xbf' 0 0 951 76 0
b'\xc5\xbf' 0 0 951 76 0
b'e' 0 0 951 76 0
b'n' 0 0 951 76 0
b' ' 0 0 951 76 0
b'd' 0 0 951 76 0
b'o' 0 0 951 76 0
b'c' 0 0 951 76 0
b'h' 0 0 951 76 0
	 951 76 952 77 0
b'\xc5\xbf' 0 0 951 43 0
b'e' 0 0 951 43 0
b'l' 0 0 951 43 0
b'b' 0 0 951 43 0
b'\xc5\xbf' 0 0 951 43 0
b't' 0 0 951 43 0
b' ' 0 0 951 43 0
b'z' 0 0 951 43 0
b'u' 0 0 951 43 0
b'g' 0 0 951 43 0
b'e' 0 0 951 43 0
b'b' 0 0 951 43 0
b'e' 0 0 951 43 0
b'n' 0 0 951 43 0
b',' 0 0 951 43 0
b' ' 0 0 951 43 0
b'B' 0 0 951 43 0
b'a' 0 0 951 43 0
b'r' 0 0 951 43 0
b'o' 0 0 951 43 0
b'n' 0 0 951 43 0
b',' 0 0 951 43 0
b' ' 0 0 951 43 0
b'd' 0 0 951 43 0
b'i' 0 0 951 43 0
b'e' 0 0 951 43 0
b'\xc5\xbf' 0 0 951 43 0
b'e' 0 0 951 43 0
b' ' 0 0 951 43 0
b'J' 0 0 951 43 0
b'd' 0 0 951 43 0
b'e' 0 0 951 43 0
b'e' 0 0 951 43 0
b',' 0 0 951 43 0
b' ' 0 0 951 43 0
b'a' 0 0 951 43 0
b'l' 0 0 951 43 0
b'l' 0 0 951 43 0
b'e' 0 0 951 43 0
b' ' 0 0 951 43 0
b'M' 0 0 951 43 0
b'e' 0 0 951 43 0
b'n' 0 0 951 43 0
b'\xc5\xbf' 0 0 951 43 0
b'c' 0 0 951 43 0
b'h' 0 0 951 43 0
b'e' 0 0 951 43 0
b'n' 0 0 951 43 0
b' ' 0 0 951 43 0
b'v' 0 0 951 43 0
b'o' 0 0 951 43 0
b'n' 0 0 951 43 0
	 951 43 952 44 0
b'H' 0 0 951 50 0
b'o' 0 0 951 50 0
b'f' 0 0 951 50 0
b'f' 0 0 951 50 0
b'n' 0 0 951 50 0
b'u' 0 0 951 50 0
b'n' 0 0 951 50 0
b'g' 0 0 951 50 0
b' ' 0 0 951 50 0
b'a' 0 0 951 50 0
b'u' 0 0 951 50 0
b'f' 0 0 951 50 0
b' ' 0 0 951 50 0
b'e' 0 0 951 50 0
b'h' 0 0 951 50 0
b'e' 0 0 951 50 0
b'l' 0 0 951 50 0
b'i' 0 0 951 50 0
b'c' 0 0 951 50 0
b'h' 0 0 951 50 0
b'e' 0 0 951 50 0
b's' 0 0 951 50 0
b' ' 0 0 951 50 0
b'G' 0 0 951 50 0
b'l' 0 0 951 50 0
b'\xc3\xbc' 0 0 951 50 0
b'c' 0 0 951 50 0
b'k' 0 0 951 50 0
b',' 0 0 951 50 0
b' ' 0 0 951 50 0
b'l' 0 0 951 50 0
b'e' 0 0 951 50 0
b'g' 0 0 951 50 0
b'i' 0 0 951 50 0
b't' 0 0 951 50 0
b'i' 0 0 951 50 0
b'm' 0 0 951 50 0
b'e' 0 0 951 50 0
b' ' 0 0 951 50 0
b'V' 0 0 951 50 0
b'a' 0 0 951 50 0
b't' 0 0 951 50 0
b'e' 0 0 951 50 0
b'r' 0 0 951 50 0
b'f' 0 0 951 50 0
b'r' 0 0 951 50 0
b'e' 0 0 951 50 0
b'u' 0 0 951 50 0
b'd' 0 0 951 50 0
b'e' 0 0 951 50 0
b'n' 0 0 951 50 0
	 951 50 952 51 0
b'\xe2\x80\x9e' 0 0 884 71 0
b'A' 0 0 884 71 0
b'h' 0 0 884 71 0
b'!' 0 0 884 71 0
b' ' 0 0 884 71 0
b'd' 0 0 884 71 0
b'a' 0 0 884 71 0
b'n' 0 0 884 71 0
b'k' 0 0 884 71 0
b'e' 0 0 884 71 0
b' ' 0 0 884 71 0
b'f' 0 0 884 71 0
b'\xc3\xbc' 0 0 884 71 0
b'r' 0 0 884 71 0
b' ' 0 0 884 71 0
b'e' 0 0 884 71 0
b'i' 0 0 884 71 0
b'n' 0 0 884 71 0
b' ' 0 0 884 71 0
b'D' 0 0 884 71 0
b'u' 0 0 884 71 0
b'e' 0 0 884 71 0
b'l' 0 0 884 71 0
b'l' 0 0 884 71 0
b' ' 0 0 884 71 0
b'm' 0 0 884 71 0
b'i' 0 0 884 71 0
b't' 0 0 884 71 0
b' ' 0 0 884 71 0
b'\xc5\xbf' 0 0 884 71 0
b'o' 0 0 884 71 0
b' ' 0 0 884 71 0
b'e' 0 0 884 71 0
b'i' 0 0 884 71 0
b'n' 0 0 884 71 0
b'e' 0 0 884 71 0
b'm' 0 0 884 71 0
b' ' 0 0 884 71 0
b'B' 0 0 884 71 0
b'\xc3\xbc' 0 0 884 71 0
b'r' 0 0 884 71 0
b'g' 0 0 884 71 0
b'e' 0 0 884 71 0
b'r' 0 0 884 71 0
b'\xe2\x80\x94' 0 0 884 71 0
	 884 71 885 72 0
b'l' 0 0 943 76 0
b'i' 0 0 943 76 0
b'c' 0 0 943 76 0
b'h' 0 0 943 76 0
b'e' 0 0 943 76 0
b'n' 0 0 943 76 0
b'.' 0 0 943 76 0
b' ' 0 0 943 76 0
b'P' 0 0 943 76 0
b'a' 0 0 943 76 0
b'r' 0 0 943 76 0
b't' 0 0 943 76 0
b'i' 0 0 943 76 0
b'e' 0 0 943 76 0
b' ' 0 0 943 76 0
b'i' 0 0 943 76 0
b'\xc5\xbf' 0 0 943 76 0
b't' 0 0 943 76 0
b' ' 0 0 943 76 0
b'z' 0 0 943 76 0
b'u' 0 0 943 76 0
b' ' 0 0 943 76 0
b'u' 0 0 943 76 0
b'n' 0 0 943 76 0
b'g' 0 0 943 76 0
b'l' 0 0 943 76 0
b'e' 0 0 943 76 0
b'i' 0 0 943 76 0
b'c' 0 0 943 76 0
b'h' 0 0 943 76 0
b'.' 0 0 943 76 0
b' ' 0 0 943 76 0
b'M' 0 0 943 76 0
b'e' 0 0 943 76 0
b'i' 0 0 943 76 0
b'n' 0 0 943 76 0
b'e' 0 0 943 76 0
b'n' 0 0 943 76 0
b' ' 0 0 943 76 0
b'S' 0 0 943 76 0
b'i' 0 0 943 76 0
b'e' 0 0 943 76 0
b' ' 0 0 943 76 0
b'n' 0 0 943 76 0
b'i' 0 0 943 76 0
b'c' 0 0 943 76 0
b'h' 0 0 943 76 0
b't' 0 0 943 76 0
b' ' 0 0 943 76 0
b'a' 0 0 943 76 0
b'u' 0 0 943 76 0
b'c' 0 0 943 76 0
b'h' 0 0 943 76 0
b',' 0 0 943 76 0
	 943 76 944 77 0
b'v' 0 0 951 65 0
b'o' 0 0 951 65 0
b'n' 0 0 951 65 0
b' ' 0 0 951 65 0
b'A' 0 0 951 65 0
b'd' 0 0 951 65 0
b'l' 0 0 951 65 0
b'i' 0 0 951 65 0
b'g' 0 0 951 65 0
b'e' 0 0 951 65 0
b'n' 0 0 951 65 0
b' ' 0 0 951 65 0
b'm' 0 0 951 65 0
b'i' 0 0 951 65 0
b't' 0 0 951 65 0
b' ' 0 0 951 65 0
b'B' 0 0 951 65 0
b'\xc3\xbc' 0 0 951 65 0
b'r' 0 0 951 65 0
b'g' 0 0 951 65 0
b'e' 0 0 951 65 0
b'r' 0 0 951 65 0
b'm' 0 0 951 65 0
b'\xc3\xa4' 0 0 951 65 0
b'd' 0 0 951 65 0
b'c' 0 0 951 65 0
b'h' 0 0 951 65 0
b'e' 0 0 951 65 0
b'n' 0 0 951 65 0
b' ' 0 0 951 65 0
b'\xc5\xbf' 0 0 951 65 0
b'o' 0 0 951 65 0
b' ' 0 0 951 65 0
b'b' 0 0 951 65 0
b'e' 0 0 951 65 0
b'z' 0 0 951 65 0
b'e' 0 0 951 65 0
b'i' 0 0 951 65 0
b'c' 0 0 951 65 0
b'h' 0 0 951 65 0
b'n' 0 0 951 65 0
b'e' 0 0 951 65 0
b't' 0 0 951 65 0
b' ' 0 0 951 65 0
b'w' 0 0 951 65 0
b'u' 0 0 951 65 0
b'r' 0 0 951 65 0
b'd' 0 0 951 65 0
b'e' 0 0 951 65 0
b'n' 0 0 951 65 0
b'?' 0 0 951 65 0
b'\xe2\x80\x9c' 0 0 951 65 0
	 951 65 952 66 0
b'4' 0 0 42 32 0
b'7' 0 0 42 32 0
	 42 32 43 33 0
