77
NULL 0 Common 0
Joined 7 0,255,0,255,0,0,0,0,0,0 Latin 1 0 1 Joined	# Joined [4a 6f 69 6e 65 64 ]a
|Broken|0|1 15 0,255,0,255,0,0,0,0,0,0 Common 2 10 2 |Broken|0|1	# Broken
b 3 0,255,0,255,0,0,0,0,0,0 Latin 55 0 3 b	# b [62 ]a
' 16 0,255,0,255,0,0,0,0,0,0 Common 4 10 4 '	# ' [27 ]p
g 3 0,255,0,255,0,0,0,0,0,0 Latin 22 0 5 g	# g [67 ]a
0 8 0,255,0,255,0,0,0,0,0,0 Common 6 2 6 0	# 0 [30 ]0
9 8 0,255,0,255,0,0,0,0,0,0 Common 7 2 7 9	# 9 [39 ]0
2 8 0,255,0,255,0,0,0,0,0,0 Common 8 2 8 2	# 2 [32 ]0
8 8 0,255,0,255,0,0,0,0,0,0 Common 9 2 9 8	# 8 [38 ]0
4 8 0,255,0,255,0,0,0,0,0,0 Common 10 2 10 4	# 4 [34 ]0
e 3 0,255,0,255,0,0,0,0,0,0 Latin 51 0 11 e	# e [65 ]a
t 3 0,255,0,255,0,0,0,0,0,0 Latin 63 0 12 t	# t [74 ]a
r 3 0,255,0,255,0,0,0,0,0,0 Latin 50 0 13 r	# r [72 ]a
a 3 0,255,0,255,0,0,0,0,0,0 Latin 61 0 14 a	# a [61 ]a
n 3 0,255,0,255,0,0,0,0,0,0 Latin 57 0 15 n	# n [6e ]a
, 16 0,255,0,255,0,0,0,0,0,0 Common 16 6 16 ,	# , [2c ]p
l 3 0,255,0,255,0,0,0,0,0,0 Latin 46 0 17 l	# l [6c ]a
s 3 0,255,0,255,0,0,0,0,0,0 Latin 24 0 18 s	# s [73 ]a
m 3 0,255,0,255,0,0,0,0,0,0 Latin 56 0 19 m	# m [6d ]a
v 3 0,255,0,255,0,0,0,0,0,0 Latin 53 0 20 v	# v [76 ]a
o 3 0,255,0,255,0,0,0,0,0,0 Latin 65 0 21 o	# o [6f ]a
G 5 0,255,0,255,0,0,0,0,0,0 Latin 5 0 22 G	# G [47 ]A
h 3 0,255,0,255,0,0,0,0,0,0 Latin 36 0 23 h	# h [68 ]a
S 5 0,255,0,255,0,0,0,0,0,0 Latin 18 0 24 S	# S [53 ]A
i 3 0,255,0,255,0,0,0,0,0,0 Latin 25 0 25 i	# i [69 ]a
u 3 0,255,0,255,0,0,0,0,0,0 Latin 52 0 26 u	# u [75 ]a
d 3 0,255,0,255,0,0,0,0,0,0 Latin 47 0 27 d	# d [64 ]a
5 8 0,255,0,255,0,0,0,0,0,0 Common 28 2 28 5	# 5 [35 ]0
\ 16 0,255,0,255,0,0,0,0,0,0 Common 29 10 29 \	# \ [5c ]p
x 3 0,255,0,255,0,0,0,0,0,0 Latin 75 0 30 x	# x [78 ]a
c 3 0,255,0,255,0,0,0,0,0,0 Latin 62 0 31 c	# c [63 ]a
f 3 0,255,0,255,0,0,0,0,0,0 Latin 35 0 32 f	# f [66 ]a
7 8 0,255,0,255,0,0,0,0,0,0 Common 33 2 33 7	# 7 [37 ]0
3 8 0,255,0,255,0,0,0,0,0,0 Common 34 2 34 3	# 3 [33 ]0
F 5 0,255,0,255,0,0,0,0,0,0 Latin 32 0 35 F	# F [46 ]A
H 5 0,255,0,255,0,0,0,0,0,0 Latin 23 0 36 H	# H [48 ]A
k 3 0,255,0,255,0,0,0,0,0,0 Latin 58 0 37 k	# k [6b ]a
p 3 0,255,0,255,0,0,0,0,0,0 Latin 59 0 38 p	# p [70 ]a
1 8 0,255,0,255,0,0,0,0,0,0 Common 39 2 39 1	# 1 [31 ]0
w 3 0,255,0,255,0,0,0,0,0,0 Latin 43 0 40 w	# w [77 ]a
6 8 0,255,0,255,0,0,0,0,0,0 Common 41 2 41 6	# 6 [36 ]0
Z 5 0,255,0,255,0,0,0,0,0,0 Latin 44 0 42 Z	# Z [5a ]A
W 5 0,255,0,255,0,0,0,0,0,0 Latin 40 0 43 W	# W [57 ]A
z 3 0,255,0,255,0,0,0,0,0,0 Latin 42 0 44 z	# z [7a ]a
. 16 0,255,0,255,0,0,0,0,0,0 Common 45 6 45 .	# . [2e ]p
L 5 0,255,0,255,0,0,0,0,0,0 Latin 17 0 46 L	# L [4c ]A
D 5 0,255,0,255,0,0,0,0,0,0 Latin 27 0 47 D	# D [44 ]A
; 16 0,255,0,255,0,0,0,0,0,0 Common 48 10 48 ;	# ; [3b ]p
" 16 0,255,0,255,0,0,0,0,0,0 Common 49 10 49 "	# " [22 ]p
R 5 0,255,0,255,0,0,0,0,0,0 Latin 13 0 50 R	# R [52 ]A
E 5 0,255,0,255,0,0,0,0,0,0 Latin 11 0 51 E	# E [45 ]A
U 5 0,255,0,255,0,0,0,0,0,0 Latin 26 0 52 U	# U [55 ]A
V 5 0,255,0,255,0,0,0,0,0,0 Latin 20 0 53 V	# V [56 ]A
J 5 0,255,0,255,0,0,0,0,0,0 Latin 71 0 54 J	# J [4a ]A
B 5 0,255,0,255,0,0,0,0,0,0 Latin 3 0 55 B	# B [42 ]A
M 5 0,255,0,255,0,0,0,0,0,0 Latin 19 0 56 M	# M [4d ]A
N 5 0,255,0,255,0,0,0,0,0,0 Latin 15 0 57 N	# N [4e ]A
K 5 0,255,0,255,0,0,0,0,0,0 Latin 37 0 58 K	# K [4b ]A
P 5 0,255,0,255,0,0,0,0,0,0 Latin 38 0 59 P	# P [50 ]A
- 16 0,255,0,255,0,0,0,0,0,0 Common 60 3 60 -	# - [2d ]p
A 5 0,255,0,255,0,0,0,0,0,0 Latin 14 0 61 A	# A [41 ]A
C 5 0,255,0,255,0,0,0,0,0,0 Latin 31 0 62 C	# C [43 ]A
T 5 0,255,0,255,0,0,0,0,0,0 Latin 12 0 63 T	# T [54 ]A
? 16 0,255,0,255,0,0,0,0,0,0 Common 64 10 64 ?	# ? [3f ]p
O 5 0,255,0,255,0,0,0,0,0,0 Latin 21 0 65 O	# O [4f ]A
! 16 0,255,0,255,0,0,0,0,0,0 Common 66 10 66 !	# ! [21 ]p
( 16 0,255,0,255,0,0,0,0,0,0 Common 67 10 68 (	# ( [28 ]p
) 16 0,255,0,255,0,0,0,0,0,0 Common 68 10 67 )	# ) [29 ]p
y 3 0,255,0,255,0,0,0,0,0,0 Latin 73 0 69 y	# y [79 ]a
: 16 0,255,0,255,0,0,0,0,0,0 Common 70 6 70 :	# : [3a ]p
j 3 0,255,0,255,0,0,0,0,0,0 Latin 54 0 71 j	# j [6a ]a
Q 5 0,255,0,255,0,0,0,0,0,0 Latin 76 0 72 Q	# Q [51 ]A
Y 5 0,255,0,255,0,0,0,0,0,0 Latin 69 0 73 Y	# Y [59 ]A
* 16 0,255,0,255,0,0,0,0,0,0 Common 74 10 74 *	# * [2a ]p
X 5 0,255,0,255,0,0,0,0,0,0 Latin 30 0 75 X	# X [58 ]A
q 3 0,255,0,255,0,0,0,0,0,0 Latin 72 0 76 q	# q [71 ]a
